386115183
382485241
3546592112019480
3546659386558977
3546784550882220
3546785941293895
325378405
484271917
3537115314915449
186487873
3546747852818977
312796313
3546755287223179
281235651
4555701
3493121352534116
648166718
3494371924117654
3546568183515698
3546775113697342
620730653
700822128
475685240
3546761448655097
1851518516
444496945
519422651
1102496176
3546606854998045
3546765280152355
3546788420127592
3546692645292795
7074615
3546790898960631
264281960
1989728167
3546735899052679
410680455
382903422
3546776736893285
292239150
3546788250258154
3494371989129987
379796460
3492972723177699
3546636219321212
35772955
3546724803021147
58323345
641166146
1066003399
3546764346919474
3546610881530673
3494376401537269
508883833
3546604812372162
675214590
3546730326919245
454980267
1303149669
3546740932216872
3546767211629098
3494365223717131
346598811
3546588899183479
3546646176598282
701469834
3546615509944913
3546659298478106
672589631
479905353
43855379
49531259
1376682929
107639802
344902121
702148797
3546656698010018
494916334
20410829
34226540
3546666844031159
118641804
1764259693
1029103937
3546613909817345
3546629990779142
1814626713
280988974
1055960476
3546700635441718
1863787947
3493086084729802
314844
3546774627158256
3493294245939212
3546776728504979
600243824
2313512
452078996
1958857664
49471412
3546662700059543
1708646944
3546677378025591
3546617873434973
114362622
391831644
3546565362846397
3546572507843379
454688764
3494354219960364
3546683185039770
104419236
505113522
1880252062
1693129663
3546698339059898
3546772234308368
2129100473
628890247
1394061764
3493080755865759
3546776730601652
3546783527471527
1221872116
35132990
313602591
1869317342
1117830599
39031859
3546779970702130
544389904
3546755721333236
1228886459
3546555118258545
3546695541459791
3546715846085042
475518019
3546761584969961
3546781409347889
1271141264
604243751
1314594710
53133915
3926937
3546671191427401
419435128
599236650
3546619670693956
2846448
1406475139
3546676081986071
37369244
38518735
519975773
29843422
351664153
186798256
3461580018682628
3461571200157894
1174030180
280634065
3546787111504282
430787557
3546636259166973
398504693
3546773440170300
424120469
3546620933179410
3546745082481142
3546596109191241
3546649257314847
113389636622219
36139485
3546741024491993
1116764967
1267785345
85442383
621747036
3401783
3494377678703451
3546698349545886
3546710416558871
1483795424
3546743211821879
473217780
3461567500781810
234416079
3546560270961225
1875534259
298558814
602889822
121294735
648346501
3493117982410803
3537106523654827
3546658010826996
1734504644
3546568472922591
16203831
3546590140696718
31114836
3546776728504551
3546790953487323
34785962
1125156786
3546780081851268
668035553
1579708570
403274833
3493085600287204
3494372968499956
387939896
345161558
3546763113793904
3493136628189822
7702258
1218863484
3546744803560057
381726888
157634832
281059263
473376422
3546788512401978
241620649
394136286
3493115748943989
3546573220874347
3546679529703542
573972912
3546386259773926
3546749444556994
297993336
188687499
626447852
3546598640454576
1928699576
3546695608568346
3546706375346906
3546733682362501
53262116
3546758273567632
2114667409
3546775705094444
3546659631925721
3546639390215051
612444524
3546645931231664
3676930
622288570
3546790909446691
3546678418213767
3546611068177177
518547823
252616645
1598326314
3461565271509949
3546561629915170
1763669277
3493292916344976
3546711448357223
173770764
43136325
415411774
1907997965
1692592591
3546621887384472
404311320
3493095056346022
1975588138
3546699565893660
3546688627149431
21751873
2014311074
3546745273321912
281237024
167460914
498761013
358061837
1542838619
389849736
3493082557319753
3546605577833034
9139292
1718515
433231470
1367710471
50997235
255175867
3493257216526485
3493109564443395
3546771561122606
3546623630117788
3546773182220728
421152335
2774146
1160251175
3493093892426066
439018214
3493138794547262
174980166
1825283557
3461576344471982
3546614440397499
472634054
3546775713483307
243866673
3546788252355369
349733220
487975441
583888369
3494375006931657
3546693760977023
3546726623348764
3546785878379455
52244653
19195564
97501660
363585139
3546590755162429
402344021
3546600255260763
442066311
3546754888764280
3546388530989364
142848396
3546614673180720
1075684569
448534278
3546772129450621
3546665629780591
3546566390451169
1403202106
271272746
313309022
1691822273
1223968708
515913817
481116990
1494277765
3546392291182836
194322133
11491884
1592703268
3546671187233264
3546785897253356
390006408
699886349
161099989
263442471
1614998202
1676790197
3493080921541370
3546771141691503
3546732522637604
506058017
646814842
3546650358320040
326485950
9127690
700671777
88012458
337479770
347014434
2074071341
520321776
26276136
3546565763402122
282644947
3546678558722882
3546725530733163
3546765726845590
200640818
1878653443
3546790901058355
1056455114
3546696357251317
626839395
1974233292
1233260542
3493277623912449
606621449
3493119853070784
3546597185030395
3493298006133038
3546730339502584
3461579209181942
9411041
3494372710549866
3546622447323895
3537121841252835
3546673213082155
3546742630910566
695971761
3494354798774449
3546660923771625
3493267993791130
27211175
414837784
199406659
3493111732898341
3546667234101527
1085169337
3494354951867164
3546769348626957
518792684
3546663442450659
3546760119060995
1150969459
1521264428
492843525
3546721695042046
3546594448247681
3546789829413079
3546782621502097
89143883
3546767954020780
3546657425721532
3493145010506570
14174954
3546647468443664
3546684042775326
24573740
1441215905
2010399372
1684754060
381503833
3546601381431503
3461574425577628
3493087661787839
281019727
3546776051124761
3546778766936805
3546755834579477
3546704949283429
1492841466
3546382839319263
3546680530045894
3546779505134549
38381410
3546692303456312
28580766
3493109532985878
12915521
3546693763074265
3546785297467851
3546748773468332
3546693849057618
6966899
3546776730601929
3546777053563327
1644774532
281055468
444859878
278272227
3546657532677029
486064204
3546671459862982
3546692592863858
499982381
3546624544475769
3494365095790831
39319408
3546739659245956
3546685324134631
457211301
3546617925863927
646540617
504835337
381649234
535024913
445990450
99633554
3493294831044940
3546560858163284
3546715613301364
3546764116232262
630896801
3494375271172232
1978232467
3546766909638923
193975096
3546754853112397
3546683145193481
1983833106
34280627
430054528
3546755553561437
3546656865782759
1966844269
547122968
3493119546886205
93610749
407374839
3546688344033469
405824281
10938501
3546779664517139
3546699440064725
1457686209
3546781463874045
3546767456995746
30964521
451186713
479443094
510862371
1897506346
1942189783
3546702160070726
3546583884892177
1249697279
17001428
1774498780
1299955280
31927952
700120009
3493141701200188
423539429
1684893225
688499435
1092977546
3546789344970759
3546777231821374
1833277324
3546661601151082
3493116201929601
697539302
31234891
3546758275664326
394910867
42497383
3493127782402430
2080095461
3546672149826092
3546780130085349
10580374
1030195881
2023858330
525334125
3546375763528146
352525195
1459936932
1305963533
501944830
3493141512456251
3493286060755337
650614912
3546562231798246
99176985
1125881505
3537113349883981
1363212749
3546589488482848
527408854
3546555510425619
3546770338482549
1147919554
506346707
3546782661347753
72897865
3546638723320591
493589941
2840297
10086212
1067345710
1416729245
3546777355552927
393694660
3546658337982832
3546744293952064
13970885
1766067835
1403335800
3546785970653852
3546777330387515
3493263478622256
3546378611460145
1311015865
1679240976
3546594091731211
3546670662944882
3461579133684287
3546719750982389
3493086246209573
3546772897008027
1527276382
1834384484
29350823
383831199
400868994
515279154
3461572458449032
527170047
3493095846972032
3493270910929031
3546387421596417
1514251547
3546771334629962
2029689683
3546657088080357
99815271
3546636538088397
476661302
3546764789418323
3493106540350072
3546655433426999
3546737585162961
3546788824877075
1469451968
329526843
3546718725475222
3546761157151225
3493086898424525
3546596186786652
3461578525509843
1111500850
1176650348
1250862830
2120383548
3546712754883306
3546726625446599
3546743771761211
3546684040678192
3546752361695422
405813800
1646564038
226173663
1818738856
3546379867654745
3546758185486930
3546766735575098
1295578842
1975811609
314384521
4204070
2088448685
605372182
498543029
3546617068128566
3546598558665392
3546695893780933
3546761421392142
413600435
368940727
1629344348
3546727877445857
3546782898326175
3546748190459999
45049060
2105666537
15883143
3493123460172210
246356480
3493074791566000
523050843
3461581939673840
619897964
3546747024443397
3546779362527519
386438919
1561128980
236233989
3546665074035313
1860513723
35660239
371612
3546738113645029
1771102513
545961370
86137764
1672994020
409564280
1515309336
40127891
3546578918836946
1880199836
3546637911722478
1462017045
3546784005621985
3546676614662629
7923220
3546709357496373
329945301
486304117
3493082947390007
3494364435187895
3546779916175915
21797044
3546785375062750
3546766903347972
1783469882
1439084779
107700310
3546624072616305
3546640103246615
3546603667327027
372315265
3546742437972712
3546587036911950
321465283
1669935561
247839585
3546733906757989
3546789357554004
393103138
472277133
487242274
1126824153
3546703533706077
3546745271225187
673835656
3493074556685105
1423903246
35998672
437027110
517766600
3537118162847744
3546697940601210
3546767951923992
35907426
253531370
3546783651203583
3461567454644398
3546742645590635
3546625182009442
1811431483
625163093
294611905
3546645784430805
527196750
628942800
225143694
1686545541
3493139711003547
3546599074565086
59982805
3546640440888155
43843764
1711792946
299714631
432572586
10395096
3461578489858653
252688762
360650475
3461579708303397
3546583461267547
22613731
431195216
548096997
3493271659613088
3546685162654336
399227031
3546623242144436
126010661
671525913
368493079
1355391080
3537124290726733
3546649808866178
180379051
1527878677
499441785
1767290705
3493278699751648
3546782397106820
450462600
1627964673
1610485128
3546786092288527
1085619556
3546782606822223
3546780499183909
255031652
295302015
1700948083
35279132
260263410
1721664529
399335277
3546746571459142
107485166
381857586
282576342
155524780
517088787
3493091612821959
3546670912506030
3546784387304074
1458587770
1328675693
24504480
3546676872612010
3493115665058117
94870775
50967413
1175505917
3546648772872569
3546789309320033
2098451287
3546741626375125
629163458
3546638767360238
3546739275467712
23115399
631093549
1189272560
535170625
17138871
486572030
2096696637
3461563048527899
490487494
481356296
35932372
3546780515960879
3493272053877539
4877053
35433992
1522197595
87589278
1019475550
228383554
405997468
1598164915
354495598
1537015961
1772907629
3546783319853333
1729109795
281072215
67821544
452320248
3546766886570687
3546783252744920
378014890
3546648468785873
1196193272
1366656492
341598766
93714982
1960000756
1603975210
240776132
1750896
359128532
540034319
3546695583402569
3546750103062634
3546780931197921
1177988878
303739892
312569659
664121526
3546764843944918
1083702758
93828229
527232406
1165190664
362064353
1737502274
1151536766
3546673305357192
516934327
329890422
388891287
3493109499431493
3546782455826960
8028343
645909450
1886674585
3546671086569823
113661668
3461581341985701
3546392574298782
3546763348675455
1742201169
3546659921332277
3546707310676955
474701778
417491195
434133501
3493104948611433
1485026278
3546781921052962
3546691911289194
392660513
494927708
59695199
1208450653
650299468
3493134300351155
65328456
396796929
1802311260
3546615694494036
450715599
3546776344725812
133940749
3546721940408368
50524284
26734674
3318173
3546673471032153
411056985
599284767
3493139488704638
3546709705623697
3493269723941302
3546615468001725
3546787832924755
484695745
3546725480401446
699448096
690006404
1084175520
372613516
514139807
3546581882112555
3546777095506354
1856558204
505793723
3546555827095866
33634690
3546716152269657
3461568952011118
9529480
165509622
3493087336729227
324285825
3493123967682704
1610906254
113374486725670
3546786218117839
3546379324492695
356156951
305560548
1719891406
3546746110085387
5284617
34155445
3493129585953386
106382335
612699541
3546613146454695
330453039
332335706
503307205
435363129
175898976
3646153
1679308112
1317882237
3494351749515821
3546669398362201
3546715208550615
443255876
241215063
3493093368138122
3493141357267645
282391706
3546788235577394
3546770843895889
3546776451680913
96286658
167322118
525577021
3546747567606054
3546766622329528
3546768306342398
382103399
3546787237333665
3493131628579208
3493080493722433
3493084402812963
1196400276
3546566709217669
10376007
497654448
3546692645292741
3546749308242235
640989150
511983200
17128523
3546778964069242
3537122501855652
3546380339513794
691186833
454515462
334625707
3546564276521054
3546777351358526
1116615306
3493139945883966
1826488347
441949814
1007784984
3546374979193824
3546616317348717
3546566392548181
15653291
511654777
3546774872525211
313122825
3546658541406736
3546557597092252
2094372312
1028730877
516046927
3546773043808525
3546787744844117
1071673315
3546708571065035
3546788640328094
504442496
701732543
129208542
523069406
3546694281071344
27708486
3546628705224916
333023914
1707511124
3494371651488422
3546687041701996
3461582189234513
3546764449680016
111654140
3546770984405136
394121317
354828070
1949854568
3493117024012297
92165689
646196285
3546690982251297
3493277087042285
1073258075
456201394
224267770
1354578258
3546596620896917
3546658090519364
1233287755
3546745086675672
446002802
3546710265563524
3546765385009579
3493273853233397
3546789152033370
245044545
125717338
1456465612
3546602220292513
3546776730602102
3461581782386729
3494371722791693
3546779039566534
163104674
3546699091937739
3546554879183031
284221
3546642221369354
3546708178897216
3546642829544154
3546770170710174
3493124716366096
1743798136
3546588762868129
381337492
3546779911981547
10872386
179189984
3546624880019962
340793050
67929318
371697997
213052955
1633569649
3493126587026127
291028986
387871752
3546759429097702
100614631
1154449736
3546784215337441
246058637
2138840249
457179405
3546780849408595
1741211992
631204561
1727725776
3546790867503743
3546724943530439
11499954
3546743402662620
3546750564436489
1601538038
3546577757014071
3546380610046543
3546768253913139
3546639910308158
21024810
2072675871
1887370740
1062092117
2109759109
1414168313
3546776902568212
263254426
3546776661395517
1392414848
